1
0 0 0 -1 -1 -1 DEATH: FROGS GO
0 0 0 7 1 1
0 0 100 7 1 1 
0 0 200 7 1 1 
0 5 0 7 1 1 
0 6 0 7 1 1 
0 7 0 7 1 1 
0 12 0 7 1 1  
0 13 0 7 1 1  
0 14 0 7 1 1 
0 19 0 7 1 1 
0 20 0 7 1 1 
0 21 0 7 1 1 
0 30 0 7 2 3 
0 30 100 7 2 1 
0 35 0 7 2 1 
0 35 100 7 2 1 
0 40 0 7 2 1 
0 40 100 7 2 1 
0 45 0 7 2 3  
0 45 100 7 2 1  
0 55 0 7 1 5 
1 0 0 7 1 5 
1 5 0 7 2 1 
1 5 100 7 2 1 
1 9 0 -1 -1 -1 Frog lord: YOU WILL FACE MY WRATH!
1 10 0 7 1 5 
1 10 500 7 1 5 
1 15 100 7 1 1 
1 15 200 7 1 1  
1 15 300 7 1 1  
1 15 400 7 1 1 
1 15 500 7 1 1 
1 15 600 7 1 1  
1 15 700 7 1 1  
1 15 800 7 1 1  
1 15 900 7 1 1  
1 16 0 7 1 1  
1 16 100 7 1 1 
1 16 200 7 1 1 
1 16 300 7 1 1 
1 16 400 7 1 1 
1 16 500 7 1 1 
1 16 600 7 1 1 
1 16 700 7 1 1 
1 16 800 7 1 1 
1 16 900 7 1 1 
1 17 0 7 1 1 
1 17 100 7 1 1 
1 17 200 7 1 1 
1 17 300 7 1 1 
1 17 400 7 1 1 
1 17 500 7 1 1 
1 17 600 7 1 1 
1 17 700 7 1 1 
1 17 800 7 1 1 
1 17 900 7 1 1 
